22 serialization::archive 19 0 0 1 12 0 0 0 0 4.344591675e+02 7.090000000e+02 2 1 0
0 0 0 54 0 4 1 0
1 5 1 0
2 3.787500000e+02 2.588889160e+02 1.025000000e+02 6.555555725e+01 1 11 0 3.294444580e+02 4
3 5
4 2.712500000e+02 4.000000000e+02 1.025000000e+02 6.555555725e+01 1 4 0 4.705555420e+02 4
5 5
6 5.625000000e+01 4.000000000e+02 1.025000000e+02 6.555555725e+01 1 2 0 4.705555420e+02 4
7 5
8 5.937500000e+02 3.294444580e+02 1.025000000e+02 6.555555725e+01 1 9 0 4.000000000e+02 4
9 5
10 5.625000000e+01 2.588889160e+02 1.025000000e+02 6.555555725e+01 1 11 0 3.294444580e+02 4
11 5
12 5.625000000e+01 1.883333435e+02 1.025000000e+02 6.555555725e+01 1 12 0 2.588889160e+02 4
13 5
14 1.637500000e+02 1.883333435e+02 1.025000000e+02 6.555555725e+01 1 12 0 2.588889160e+02 4
15 5
16 3.787500000e+02 1.883333435e+02 1.025000000e+02 6.555555725e+01 1 12 0 2.588889160e+02 4
17 5
18 5.937500000e+02 4.000000000e+02 1.025000000e+02 6.555555725e+01 1 8 0 4.705555420e+02 4
19 5
20 3.787500000e+02 1.883333435e+02 1.025000000e+02 6.555555725e+01 0 1 0 0.000000000e+00 4
21 5
22 4.862500000e+02 1.883333435e+02 1.025000000e+02 6.555555725e+01 0 1 0 0.000000000e+00 4
23 5
24 5.937500000e+02 1.883333435e+02 1.025000000e+02 6.555555725e+01 0 1 0 0.000000000e+00 4
25 5
26 5.625000000e+01 2.588888855e+02 1.025000000e+02 6.555555725e+01 0 1 0 0.000000000e+00 4
27 5
28 1.637500000e+02 2.588888855e+02 1.025000000e+02 6.555555725e+01 0 1 0 0.000000000e+00 4
29 5
30 2.712500000e+02 2.588888855e+02 1.025000000e+02 6.555555725e+01 0 1 0 0.000000000e+00 4
31 5
32 3.787500000e+02 2.588888855e+02 1.025000000e+02 6.555555725e+01 0 1 0 0.000000000e+00 4
33 5
34 4.862500000e+02 2.588888855e+02 1.025000000e+02 6.555555725e+01 0 1 0 0.000000000e+00 4
35 5
36 5.937500000e+02 2.588888855e+02 1.025000000e+02 6.555555725e+01 0 1 0 0.000000000e+00 4
37 5
38 5.625000000e+01 3.294444580e+02 1.025000000e+02 6.555555725e+01 0 1 0 0.000000000e+00 4
39 5
40 1.637500000e+02 3.294444580e+02 1.025000000e+02 6.555555725e+01 0 1 0 0.000000000e+00 4
41 5
42 2.712500000e+02 3.294444580e+02 1.025000000e+02 6.555555725e+01 0 1 0 0.000000000e+00 4
43 5
44 3.787500000e+02 3.294444580e+02 1.025000000e+02 6.555555725e+01 0 1 0 0.000000000e+00 4
45 5
46 4.862500000e+02 3.294444580e+02 1.025000000e+02 6.555555725e+01 0 1 0 0.000000000e+00 4
47 5
48 5.937500000e+02 3.294444580e+02 1.025000000e+02 6.555555725e+01 0 1 0 0.000000000e+00 4
49 5
50 5.625000000e+01 4.000000000e+02 1.025000000e+02 6.555555725e+01 0 1 0 0.000000000e+00 4
51 5
52 1.637500000e+02 4.000000000e+02 1.025000000e+02 6.555555725e+01 0 1 0 0.000000000e+00 4
53 5
54 2.712500000e+02 4.000000000e+02 1.025000000e+02 6.555555725e+01 0 1 0 0.000000000e+00 4
55 5
56 3.787500000e+02 4.000000000e+02 1.025000000e+02 6.555555725e+01 0 1 0 0.000000000e+00 4
57 5
58 4.862500000e+02 4.000000000e+02 1.025000000e+02 6.555555725e+01 0 1 0 0.000000000e+00 4
59 5
60 5.937500000e+02 4.000000000e+02 1.025000000e+02 6.555555725e+01 0 1 0 0.000000000e+00 4
61 5
62 5.625000000e+01 4.705555420e+02 1.025000000e+02 6.555555725e+01 0 1 0 0.000000000e+00 4
63 5
64 1.637500000e+02 4.705555420e+02 1.025000000e+02 6.555555725e+01 0 1 0 0.000000000e+00 4
65 5
66 2.712500000e+02 4.705555420e+02 1.025000000e+02 6.555555725e+01 0 1 0 0.000000000e+00 4
67 5
68 3.787500000e+02 4.705555420e+02 1.025000000e+02 6.555555725e+01 0 1 0 0.000000000e+00 4
69 5
70 4.862500000e+02 4.705555420e+02 1.025000000e+02 6.555555725e+01 0 1 0 0.000000000e+00 4
71 5
72 5.937500000e+02 4.705555420e+02 1.025000000e+02 6.555555725e+01 0 1 0 0.000000000e+00 4
73 5
74 5.625000000e+01 5.411111450e+02 1.025000000e+02 6.555555725e+01 0 1 0 0.000000000e+00 4
75 5
76 1.637500000e+02 5.411111450e+02 1.025000000e+02 6.555555725e+01 0 1 0 0.000000000e+00 4
77 5
78 2.712500000e+02 5.411111450e+02 1.025000000e+02 6.555555725e+01 0 1 0 0.000000000e+00 4
79 5
80 3.787500000e+02 5.411111450e+02 1.025000000e+02 6.555555725e+01 0 1 0 0.000000000e+00 4
81 5
82 4.862500000e+02 5.411111450e+02 1.025000000e+02 6.555555725e+01 0 1 0 0.000000000e+00 4
83 5
84 5.937500000e+02 5.411111450e+02 1.025000000e+02 6.555555725e+01 0 1 0 0.000000000e+00 4
85 5
86 5.625000000e+01 6.116666870e+02 1.025000000e+02 6.555555725e+01 0 1 0 0.000000000e+00 4
87 5
88 1.637500000e+02 6.116666870e+02 1.025000000e+02 6.555555725e+01 0 1 0 0.000000000e+00 4
89 5
90 2.712500000e+02 6.116666870e+02 1.025000000e+02 6.555555725e+01 0 1 0 0.000000000e+00 4
91 5
92 3.787500000e+02 6.116666870e+02 1.025000000e+02 6.555555725e+01 0 1 0 0.000000000e+00 4
93 5
94 4.862500000e+02 6.116666870e+02 1.025000000e+02 6.555555725e+01 0 1 0 0.000000000e+00 4
95 5
96 5.937500000e+02 6.116666870e+02 1.025000000e+02 6.555555725e+01 0 1 0 0.000000000e+00 4
97 5
98 5.625000000e+01 6.822222290e+02 1.025000000e+02 6.555555725e+01 0 1 0 0.000000000e+00 4
99 5
100 1.637500000e+02 6.822222290e+02 1.025000000e+02 6.555555725e+01 0 1 0 0.000000000e+00 4
101 5
102 2.712500000e+02 6.822222290e+02 1.025000000e+02 6.555555725e+01 0 1 0 0.000000000e+00 4
103 5
104 3.787500000e+02 6.822222290e+02 1.025000000e+02 6.555555725e+01 0 1 0 0.000000000e+00 4
105 5
106 4.862500000e+02 6.822222290e+02 1.025000000e+02 6.555555725e+01 0 1 0 0.000000000e+00 4
107 5
108 5.937500000e+02 6.822222290e+02 1.025000000e+02 6.555555725e+01 0 1 0 0.000000000e+00 0 6 1 0
109 0 0 54 0 8 1 0
110 9 1 0
111 4.862500000e+02 2.588889160e+02 2.300000000e+01 9
112 4.862500000e+02 2.588889160e+02 5.000000000e+00 9
113 4.862500000e+02 2.588889160e+02 1.000000000e+01 9
114 4.862500000e+02 2.588889160e+02 1.500000000e+01 1 0 3.294444580e+02 8
115 9
116 4.862500000e+02 1.883333435e+02 2.300000000e+01 9
117 4.862500000e+02 1.883333435e+02 5.000000000e+00 9
118 4.862500000e+02 1.883333435e+02 1.000000000e+01 9
119 4.862500000e+02 1.883333435e+02 1.500000000e+01 1 0 2.588889160e+02 8
120 9
121 5.625000000e+01 3.294444580e+02 2.300000000e+01 9
122 5.625000000e+01 3.294444580e+02 5.000000000e+00 9
123 5.625000000e+01 3.294444580e+02 1.000000000e+01 9
124 5.625000000e+01 3.294444580e+02 1.500000000e+01 0 0 4.000000000e+02 8
125 9
126 4.862500000e+02 1.883333435e+02 2.300000000e+01 9
127 4.862500000e+02 1.883333435e+02 5.000000000e+00 9
128 4.862500000e+02 1.883333435e+02 1.000000000e+01 9
129 4.862500000e+02 1.883333435e+02 1.500000000e+01 0 0 2.588889160e+02 8
130 9
131 3.250000000e+02 4.000000000e+02 2.300000000e+01 9
132 3.250000000e+02 4.000000000e+02 0.000000000e+00 9
133 3.250000000e+02 4.000000000e+02 5.000000000e+00 9
134 3.250000000e+02 4.000000000e+02 0.000000000e+00 0 0 0.000000000e+00 8
135 9
136 3.250000000e+02 4.000000000e+02 2.300000000e+01 9
137 3.250000000e+02 4.000000000e+02 0.000000000e+00 9
138 3.250000000e+02 4.000000000e+02 5.000000000e+00 9
139 3.250000000e+02 4.000000000e+02 0.000000000e+00 0 0 0.000000000e+00 8
140 9
141 3.250000000e+02 4.000000000e+02 2.300000000e+01 9
142 3.250000000e+02 4.000000000e+02 0.000000000e+00 9
143 3.250000000e+02 4.000000000e+02 5.000000000e+00 9
144 3.250000000e+02 4.000000000e+02 0.000000000e+00 0 0 0.000000000e+00 8
145 9
146 3.250000000e+02 4.000000000e+02 2.300000000e+01 9
147 3.250000000e+02 4.000000000e+02 0.000000000e+00 9
148 3.250000000e+02 4.000000000e+02 5.000000000e+00 9
149 3.250000000e+02 4.000000000e+02 0.000000000e+00 0 0 0.000000000e+00 8
150 9
151 3.250000000e+02 4.000000000e+02 2.300000000e+01 9
152 3.250000000e+02 4.000000000e+02 0.000000000e+00 9
153 3.250000000e+02 4.000000000e+02 5.000000000e+00 9
154 3.250000000e+02 4.000000000e+02 0.000000000e+00 0 0 0.000000000e+00 8
155 9
156 3.250000000e+02 4.000000000e+02 2.300000000e+01 9
157 3.250000000e+02 4.000000000e+02 0.000000000e+00 9
158 3.250000000e+02 4.000000000e+02 5.000000000e+00 9
159 3.250000000e+02 4.000000000e+02 0.000000000e+00 0 0 0.000000000e+00 8
160 9
161 3.250000000e+02 4.000000000e+02 2.300000000e+01 9
162 3.250000000e+02 4.000000000e+02 0.000000000e+00 9
163 3.250000000e+02 4.000000000e+02 5.000000000e+00 9
164 3.250000000e+02 4.000000000e+02 0.000000000e+00 0 0 0.000000000e+00 8
165 9
166 3.250000000e+02 4.000000000e+02 2.300000000e+01 9
167 3.250000000e+02 4.000000000e+02 0.000000000e+00 9
168 3.250000000e+02 4.000000000e+02 5.000000000e+00 9
169 3.250000000e+02 4.000000000e+02 0.000000000e+00 0 0 0.000000000e+00 8
170 9
171 3.250000000e+02 4.000000000e+02 2.300000000e+01 9
172 3.250000000e+02 4.000000000e+02 0.000000000e+00 9
173 3.250000000e+02 4.000000000e+02 5.000000000e+00 9
174 3.250000000e+02 4.000000000e+02 0.000000000e+00 0 0 0.000000000e+00 8
175 9
176 3.250000000e+02 4.000000000e+02 2.300000000e+01 9
177 3.250000000e+02 4.000000000e+02 0.000000000e+00 9
178 3.250000000e+02 4.000000000e+02 5.000000000e+00 9
179 3.250000000e+02 4.000000000e+02 0.000000000e+00 0 0 0.000000000e+00 8
180 9
181 3.250000000e+02 4.000000000e+02 2.300000000e+01 9
182 3.250000000e+02 4.000000000e+02 0.000000000e+00 9
183 3.250000000e+02 4.000000000e+02 5.000000000e+00 9
184 3.250000000e+02 4.000000000e+02 0.000000000e+00 0 0 0.000000000e+00 8
185 9
186 3.250000000e+02 4.000000000e+02 2.300000000e+01 9
187 3.250000000e+02 4.000000000e+02 0.000000000e+00 9
188 3.250000000e+02 4.000000000e+02 5.000000000e+00 9
189 3.250000000e+02 4.000000000e+02 0.000000000e+00 0 0 0.000000000e+00 8
190 9
191 3.250000000e+02 4.000000000e+02 2.300000000e+01 9
192 3.250000000e+02 4.000000000e+02 0.000000000e+00 9
193 3.250000000e+02 4.000000000e+02 5.000000000e+00 9
194 3.250000000e+02 4.000000000e+02 0.000000000e+00 0 0 0.000000000e+00 8
195 9
196 3.250000000e+02 4.000000000e+02 2.300000000e+01 9
197 3.250000000e+02 4.000000000e+02 0.000000000e+00 9
198 3.250000000e+02 4.000000000e+02 5.000000000e+00 9
199 3.250000000e+02 4.000000000e+02 0.000000000e+00 0 0 0.000000000e+00 8
200 9
201 3.250000000e+02 4.000000000e+02 2.300000000e+01 9
202 3.250000000e+02 4.000000000e+02 0.000000000e+00 9
203 3.250000000e+02 4.000000000e+02 5.000000000e+00 9
204 3.250000000e+02 4.000000000e+02 0.000000000e+00 0 0 0.000000000e+00 8
205 9
206 3.250000000e+02 4.000000000e+02 2.300000000e+01 9
207 3.250000000e+02 4.000000000e+02 0.000000000e+00 9
208 3.250000000e+02 4.000000000e+02 5.000000000e+00 9
209 3.250000000e+02 4.000000000e+02 0.000000000e+00 0 0 0.000000000e+00 8
210 9
211 3.250000000e+02 4.000000000e+02 2.300000000e+01 9
212 3.250000000e+02 4.000000000e+02 0.000000000e+00 9
213 3.250000000e+02 4.000000000e+02 5.000000000e+00 9
214 3.250000000e+02 4.000000000e+02 0.000000000e+00 0 0 0.000000000e+00 8
215 9
216 3.250000000e+02 4.000000000e+02 2.300000000e+01 9
217 3.250000000e+02 4.000000000e+02 0.000000000e+00 9
218 3.250000000e+02 4.000000000e+02 5.000000000e+00 9
219 3.250000000e+02 4.000000000e+02 0.000000000e+00 0 0 0.000000000e+00 8
220 9
221 3.250000000e+02 4.000000000e+02 2.300000000e+01 9
222 3.250000000e+02 4.000000000e+02 0.000000000e+00 9
223 3.250000000e+02 4.000000000e+02 5.000000000e+00 9
224 3.250000000e+02 4.000000000e+02 0.000000000e+00 0 0 0.000000000e+00 8
225 9
226 3.250000000e+02 4.000000000e+02 2.300000000e+01 9
227 3.250000000e+02 4.000000000e+02 0.000000000e+00 9
228 3.250000000e+02 4.000000000e+02 5.000000000e+00 9
229 3.250000000e+02 4.000000000e+02 0.000000000e+00 0 0 0.000000000e+00 8
230 9
231 3.250000000e+02 4.000000000e+02 2.300000000e+01 9
232 3.250000000e+02 4.000000000e+02 0.000000000e+00 9
233 3.250000000e+02 4.000000000e+02 5.000000000e+00 9
234 3.250000000e+02 4.000000000e+02 0.000000000e+00 0 0 0.000000000e+00 8
235 9
236 3.250000000e+02 4.000000000e+02 2.300000000e+01 9
237 3.250000000e+02 4.000000000e+02 0.000000000e+00 9
238 3.250000000e+02 4.000000000e+02 5.000000000e+00 9
239 3.250000000e+02 4.000000000e+02 0.000000000e+00 0 0 0.000000000e+00 8
240 9
241 3.250000000e+02 4.000000000e+02 2.300000000e+01 9
242 3.250000000e+02 4.000000000e+02 0.000000000e+00 9
243 3.250000000e+02 4.000000000e+02 5.000000000e+00 9
244 3.250000000e+02 4.000000000e+02 0.000000000e+00 0 0 0.000000000e+00 8
245 9
246 3.250000000e+02 4.000000000e+02 2.300000000e+01 9
247 3.250000000e+02 4.000000000e+02 0.000000000e+00 9
248 3.250000000e+02 4.000000000e+02 5.000000000e+00 9
249 3.250000000e+02 4.000000000e+02 0.000000000e+00 0 0 0.000000000e+00 8
250 9
251 3.250000000e+02 4.000000000e+02 2.300000000e+01 9
252 3.250000000e+02 4.000000000e+02 0.000000000e+00 9
253 3.250000000e+02 4.000000000e+02 5.000000000e+00 9
254 3.250000000e+02 4.000000000e+02 0.000000000e+00 0 0 0.000000000e+00 8
255 9
256 3.250000000e+02 4.000000000e+02 2.300000000e+01 9
257 3.250000000e+02 4.000000000e+02 0.000000000e+00 9
258 3.250000000e+02 4.000000000e+02 5.000000000e+00 9
259 3.250000000e+02 4.000000000e+02 0.000000000e+00 0 0 0.000000000e+00 8
260 9
261 3.250000000e+02 4.000000000e+02 2.300000000e+01 9
262 3.250000000e+02 4.000000000e+02 0.000000000e+00 9
263 3.250000000e+02 4.000000000e+02 5.000000000e+00 9
264 3.250000000e+02 4.000000000e+02 0.000000000e+00 0 0 0.000000000e+00 8
265 9
266 3.250000000e+02 4.000000000e+02 2.300000000e+01 9
267 3.250000000e+02 4.000000000e+02 0.000000000e+00 9
268 3.250000000e+02 4.000000000e+02 5.000000000e+00 9
269 3.250000000e+02 4.000000000e+02 0.000000000e+00 0 0 0.000000000e+00 8
270 9
271 3.250000000e+02 4.000000000e+02 2.300000000e+01 9
272 3.250000000e+02 4.000000000e+02 0.000000000e+00 9
273 3.250000000e+02 4.000000000e+02 5.000000000e+00 9
274 3.250000000e+02 4.000000000e+02 0.000000000e+00 0 0 0.000000000e+00 8
275 9
276 3.250000000e+02 4.000000000e+02 2.300000000e+01 9
277 3.250000000e+02 4.000000000e+02 0.000000000e+00 9
278 3.250000000e+02 4.000000000e+02 5.000000000e+00 9
279 3.250000000e+02 4.000000000e+02 0.000000000e+00 0 0 0.000000000e+00 8
280 9
281 3.250000000e+02 4.000000000e+02 2.300000000e+01 9
282 3.250000000e+02 4.000000000e+02 0.000000000e+00 9
283 3.250000000e+02 4.000000000e+02 5.000000000e+00 9
284 3.250000000e+02 4.000000000e+02 0.000000000e+00 0 0 0.000000000e+00 8
285 9
286 3.250000000e+02 4.000000000e+02 2.300000000e+01 9
287 3.250000000e+02 4.000000000e+02 0.000000000e+00 9
288 3.250000000e+02 4.000000000e+02 5.000000000e+00 9
289 3.250000000e+02 4.000000000e+02 0.000000000e+00 0 0 0.000000000e+00 8
290 9
291 3.250000000e+02 4.000000000e+02 2.300000000e+01 9
292 3.250000000e+02 4.000000000e+02 0.000000000e+00 9
293 3.250000000e+02 4.000000000e+02 5.000000000e+00 9
294 3.250000000e+02 4.000000000e+02 0.000000000e+00 0 0 0.000000000e+00 8
295 9
296 3.250000000e+02 4.000000000e+02 2.300000000e+01 9
297 3.250000000e+02 4.000000000e+02 0.000000000e+00 9
298 3.250000000e+02 4.000000000e+02 5.000000000e+00 9
299 3.250000000e+02 4.000000000e+02 0.000000000e+00 0 0 0.000000000e+00 8
300 9
301 3.250000000e+02 4.000000000e+02 2.300000000e+01 9
302 3.250000000e+02 4.000000000e+02 0.000000000e+00 9
303 3.250000000e+02 4.000000000e+02 5.000000000e+00 9
304 3.250000000e+02 4.000000000e+02 0.000000000e+00 0 0 0.000000000e+00 8
305 9
306 3.250000000e+02 4.000000000e+02 2.300000000e+01 9
307 3.250000000e+02 4.000000000e+02 0.000000000e+00 9
308 3.250000000e+02 4.000000000e+02 5.000000000e+00 9
309 3.250000000e+02 4.000000000e+02 0.000000000e+00 0 0 0.000000000e+00 8
310 9
311 3.250000000e+02 4.000000000e+02 2.300000000e+01 9
312 3.250000000e+02 4.000000000e+02 0.000000000e+00 9
313 3.250000000e+02 4.000000000e+02 5.000000000e+00 9
314 3.250000000e+02 4.000000000e+02 0.000000000e+00 0 0 0.000000000e+00 8
315 9
316 3.250000000e+02 4.000000000e+02 2.300000000e+01 9
317 3.250000000e+02 4.000000000e+02 0.000000000e+00 9
318 3.250000000e+02 4.000000000e+02 5.000000000e+00 9
319 3.250000000e+02 4.000000000e+02 0.000000000e+00 0 0 0.000000000e+00 8
320 9
321 3.250000000e+02 4.000000000e+02 2.300000000e+01 9
322 3.250000000e+02 4.000000000e+02 0.000000000e+00 9
323 3.250000000e+02 4.000000000e+02 5.000000000e+00 9
324 3.250000000e+02 4.000000000e+02 0.000000000e+00 0 0 0.000000000e+00 8
325 9
326 3.250000000e+02 4.000000000e+02 2.300000000e+01 9
327 3.250000000e+02 4.000000000e+02 0.000000000e+00 9
328 3.250000000e+02 4.000000000e+02 5.000000000e+00 9
329 3.250000000e+02 4.000000000e+02 0.000000000e+00 0 0 0.000000000e+00 8
330 9
331 3.250000000e+02 4.000000000e+02 2.300000000e+01 9
332 3.250000000e+02 4.000000000e+02 0.000000000e+00 9
333 3.250000000e+02 4.000000000e+02 5.000000000e+00 9
334 3.250000000e+02 4.000000000e+02 0.000000000e+00 0 0 0.000000000e+00 8
335 9
336 3.250000000e+02 4.000000000e+02 2.300000000e+01 9
337 3.250000000e+02 4.000000000e+02 0.000000000e+00 9
338 3.250000000e+02 4.000000000e+02 5.000000000e+00 9
339 3.250000000e+02 4.000000000e+02 0.000000000e+00 0 0 0.000000000e+00 8
340 9
341 3.250000000e+02 4.000000000e+02 2.300000000e+01 9
342 3.250000000e+02 4.000000000e+02 0.000000000e+00 9
343 3.250000000e+02 4.000000000e+02 5.000000000e+00 9
344 3.250000000e+02 4.000000000e+02 0.000000000e+00 0 0 0.000000000e+00 8
345 9
346 3.250000000e+02 4.000000000e+02 2.300000000e+01 9
347 3.250000000e+02 4.000000000e+02 0.000000000e+00 9
348 3.250000000e+02 4.000000000e+02 5.000000000e+00 9
349 3.250000000e+02 4.000000000e+02 0.000000000e+00 0 0 0.000000000e+00 8
350 9
351 3.250000000e+02 4.000000000e+02 2.300000000e+01 9
352 3.250000000e+02 4.000000000e+02 0.000000000e+00 9
353 3.250000000e+02 4.000000000e+02 5.000000000e+00 9
354 3.250000000e+02 4.000000000e+02 0.000000000e+00 0 0 0.000000000e+00 8
355 9
356 3.250000000e+02 4.000000000e+02 2.300000000e+01 9
357 3.250000000e+02 4.000000000e+02 0.000000000e+00 9
358 3.250000000e+02 4.000000000e+02 5.000000000e+00 9
359 3.250000000e+02 4.000000000e+02 0.000000000e+00 0 0 0.000000000e+00 8
360 9
361 3.250000000e+02 4.000000000e+02 2.300000000e+01 9
362 3.250000000e+02 4.000000000e+02 0.000000000e+00 9
363 3.250000000e+02 4.000000000e+02 5.000000000e+00 9
364 3.250000000e+02 4.000000000e+02 0.000000000e+00 0 0 0.000000000e+00 8
365 9
366 3.250000000e+02 4.000000000e+02 2.300000000e+01 9
367 3.250000000e+02 4.000000000e+02 0.000000000e+00 9
368 3.250000000e+02 4.000000000e+02 5.000000000e+00 9
369 3.250000000e+02 4.000000000e+02 0.000000000e+00 0 0 0.000000000e+00 8
370 9
371 3.250000000e+02 4.000000000e+02 2.300000000e+01 9
372 3.250000000e+02 4.000000000e+02 0.000000000e+00 9
373 3.250000000e+02 4.000000000e+02 5.000000000e+00 9
374 3.250000000e+02 4.000000000e+02 0.000000000e+00 0 0 0.000000000e+00 8
375 9
376 3.250000000e+02 4.000000000e+02 2.300000000e+01 9
377 3.250000000e+02 4.000000000e+02 0.000000000e+00 9
378 3.250000000e+02 4.000000000e+02 5.000000000e+00 9
379 3.250000000e+02 4.000000000e+02 0.000000000e+00 0 0 0.000000000e+00 0